wave_length         LAB                 PPO                 bis                 
193                 0.00059774          0.996943            0.00245927          
193.5               0.000602349         0.996881            0.00251672          
194                 0.000608636         0.996833            0.00255804          
194.5               0.000615415         0.996758            0.00262646          
195                 0.000619774         0.996709            0.00267157          
195.5               0.000623819         0.99666             0.00271643          
196                 0.000630036         0.996574            0.00279597          
196.5               0.000640066         0.996515            0.00284486          
197                 0.000644401         0.996461            0.00289506          
197.5               0.000646664         0.996402            0.00295085          
198                 0.000656154         0.996334            0.00301005          
198.5               0.000660444         0.996282            0.00305706          
199                 0.000670077         0.996217            0.00311266          
199.5               0.000695368         0.996139            0.00316584          
200                 0.00068917          0.996083            0.00322762          
200.5               0.000706738         0.996014            0.00327937          
201                 0.000721936         0.995954            0.00332426          
201.5               0.000746103         0.99586             0.0033943           
202                 0.000740366         0.99581             0.00344995          
202.5               0.000754314         0.995749            0.00349625          
203                 0.000778239         0.995694            0.0035273           
203.5               0.000797178         0.995609            0.00359385          
204                 0.000814902         0.995558            0.00362718          
204.5               0.000838231         0.995505            0.00365638          
205                 0.000866253         0.995442            0.00369182          
205.5               0.000875877         0.99541             0.00371422          
206                 0.000901234         0.995371            0.00372789          
206.5               0.000902924         0.99535             0.00374706          
207                 0.000934594         0.995287            0.00377801          
207.5               0.000963574         0.995277            0.00375981          
208                 0.000986017         0.995269            0.00374545          
208.5               0.000999897         0.995272            0.00372833          
209                 0.00101284          0.995307            0.00368056          
209.5               0.00104098          0.995337            0.00362173          
210                 0.0010646           0.995335            0.00360054          
210.5               0.00108623          0.995319            0.00359445          
211                 0.00109324          0.995445            0.00346131          
211.5               0.00111109          0.995544            0.00334464          
212                 0.00110536          0.99563             0.00326489          
212.5               0.00111252          0.995746            0.00314157          
213                 0.0011004           0.995879            0.00302073          
213.5               0.0011128           0.995972            0.0029152           
214                 0.00109792          0.996114            0.00278759          
214.5               0.00111656          0.996197            0.00268617          
215                 0.00109153          0.996416            0.0024927           
215.5               0.00108504          0.996551            0.00236446          
216                 0.00107018          0.996694            0.00223585          
216.5               0.00107109          0.996798            0.00213114          
217                 0.00106727          0.996939            0.00199383          
217.5               0.00105012          0.997032            0.00191783          
218                 0.00105276          0.997127            0.00181981          
218.5               0.00104296          0.997236            0.00172063          
219                 0.00105115          0.997317            0.00163139          
219.5               0.00104005          0.9974              0.00156004          
220                 0.00102869          0.997471            0.00149983          
220.5               0.00104542          0.997508            0.00144636          
221                 0.00104181          0.997546            0.00141178          
221.5               0.00105175          0.997593            0.00135494          
222                 0.00105059          0.997601            0.0013489           
222.5               0.0010683           0.997577            0.00135472          
223                 0.00107949          0.997568            0.00135242          
223.5               0.00108956          0.99755             0.00136             
224                 0.00110321          0.997505            0.00139189          
224.5               0.00111125          0.997461            0.00142758          
225                 0.00113046          0.997399            0.00147046          
225.5               0.00115499          0.997333            0.00151243          
226                 0.00117017          0.99726             0.00156953          
226.5               0.00119825          0.997143            0.00165914          
227                 0.00122395          0.997029            0.00174738          
227.5               0.00125343          0.996904            0.00184235          
228                 0.00128899          0.996751            0.00195993          
228.5               0.00133939          0.996575            0.0020854           
229                 0.00138274          0.996415            0.00220276          
229.5               0.00144114          0.996186            0.00237326          
230                 0.00149884          0.995973            0.00252831          
230.5               0.00157188          0.995672            0.00275564          
231                 0.00165528          0.995369            0.00297602          
231.5               0.0017272           0.995093            0.00318007          
232                 0.00179334          0.994811            0.0033957           
232.5               0.001923            0.994397            0.00368039          
233                 0.00205756          0.993923            0.00401905          
233.5               0.0021594           0.993533            0.0043073           
234                 0.00231224          0.993005            0.00468275          
234.5               0.00250569          0.992342            0.00515198          
235                 0.0027352           0.991608            0.00565692          
235.5               0.00296456          0.990894            0.00614189          
236                 0.00315214          0.990252            0.00659585          
236.5               0.00340285          0.989423            0.00717395          
237                 0.00365764          0.988621            0.00772125          
237.5               0.00404021          0.987504            0.00845549          
238                 0.00436602          0.986434            0.00919974          
238.5               0.0047049           0.985522            0.00977322          
239                 0.00493712          0.984737            0.0103255           
239.5               0.0054862           0.983355            0.0111593           
240                 0.0060233           0.982007            0.0119694           
240.5               0.00603799          0.981895            0.0120674           
241                 0.00633579          0.981299            0.0123656           
241.5               0.0063299           0.981482            0.0121882           
242                 0.00652237          0.981101            0.0123763           
242.5               0.00649664          0.981551            0.0119523           
243                 0.00657177          0.981356            0.012072            
243.5               0.00628428          0.982452            0.0112637           
244                 0.00601248          0.98345             0.0105375           
244.5               0.00608858          0.983496            0.0104158           
245                 0.00563887          0.984853            0.00950821          
245.5               0.005635            0.985148            0.00921707          
246                 0.00541888          0.985937            0.00864442          
246.5               0.00523579          0.986685            0.00807883          
247                 0.00490483          0.987795            0.00730008          
247.5               0.00477252          0.988299            0.00692803          
248                 0.00454954          0.989078            0.00637246          
248.5               0.00443926          0.989648            0.0059132           
249                 0.00429026          0.990143            0.00556704          
249.5               0.00408655          0.990836            0.00507778          
250                 0.00402155          0.991293            0.00468543          
250.5               0.00385672          0.991803            0.00433982          
251                 0.00369094          0.992331            0.00397802          
251.5               0.00360805          0.992641            0.00375141          
252                 0.00357083          0.992877            0.00355169          
252.5               0.00340691          0.993319            0.00327363          
253                 0.00340592          0.993606            0.00298836          
253.5               0.0033575           0.993844            0.00279858          
254                 0.00330343          0.994099            0.00259795          
254.5               0.00317116          0.994406            0.00242253          
255                 0.00312302          0.994659            0.0022183           
255.5               0.00306339          0.994904            0.00203221          
256                 0.00305763          0.995095            0.00184734          
256.5               0.00300136          0.995308            0.00169049          
257                 0.00293553          0.995544            0.00152026          
257.5               0.00289846          0.995734            0.00136768          
258                 0.00282863          0.995949            0.00122262          
258.5               0.00279919          0.996106            0.0010944           
259                 0.00274824          0.996289            0.000962429         
259.5               0.00267835          0.996468            0.000853955         
260                 0.00262893          0.996659            0.000712313         
260.5               0.00257279          0.99681             0.000617167         
261                 0.00252342          0.996928            0.000548496         
261.5               0.00248771          0.997062            0.00044983          
262                 0.00244526          0.997182            0.000372424         
262.5               0.00236113          0.997341            0.000297939         
263                 0.00231643          0.997453            0.0002309           
263.5               0.00226566          0.997547            0.000186984         
264                 0.00223865          0.997598            0.000163118         
264.5               0.00218153          0.997688            0.000130168         
265                 0.00212484          0.997792            8.34509e-05         
265.5               0.00206104          0.997878            6.13077e-05         
266                 0.00201725          0.997933            5.02403e-05         
266.5               0.0019701           0.997981            4.93001e-05         
267                 0.00194286          0.998009            4.82063e-05         
267.5               0.00188162          0.998071            4.70443e-05         
268                 0.00185633          0.998106            3.73051e-05         
268.5               0.00179618          0.998176            2.75528e-05         
269                 0.00174218          0.998236            2.16113e-05         
269.5               0.00170023          0.998282            1.7657e-05          
270                 0.00166305          0.998312            2.47873e-05         
270.5               0.00161968          0.998337            4.32217e-05         
271                 0.00155541          0.998377            6.79089e-05         
271.5               0.00152778          0.998394            7.81673e-05         
272                 0.00147964          0.998427            9.28914e-05         
272.5               0.00144417          0.99845             0.000105967         
273                 0.00140504          0.99848             0.000115309         
273.5               0.00135854          0.998514            0.000127649         
274                 0.00132259          0.998534            0.000142928         
274.5               0.00127913          0.998559            0.000161872         
275                 0.0012494           0.998565            0.000185126         
275.5               0.00122306          0.99858             0.000197312         
276                 0.00118562          0.998603            0.000211168         
276.5               0.00114846          0.998625            0.000226341         
277                 0.00111973          0.99864             0.000240722         
277.5               0.00109506          0.998646            0.000258795         
278                 0.0010553           0.998668            0.000277001         
278.5               0.00102795          0.998677            0.000294647         
279                 0.00101243          0.998672            0.000315237         
279.5               0.000982566         0.998682            0.000335596         
280                 0.000960819         0.998691            0.000347818         
280.5               0.000940645         0.998699            0.000360733         
281                 0.000916293         0.998711            0.000372775         
281.5               0.000895517         0.998718            0.000386085         
282                 0.000878122         0.99872             0.000402194         
282.5               0.000853271         0.998731            0.00041592          
283                 0.000832961         0.998743            0.000424359         
283.5               0.000816254         0.99875             0.000434209         
284                 0.000798535         0.998757            0.00044472          
284.5               0.000787384         0.998759            0.000453467         
285                 0.000772056         0.998767            0.000460961         
285.5               0.000758503         0.998772            0.000469565         
286                 0.00074658          0.998773            0.000480701         
286.5               0.000728827         0.998781            0.000489935         
287                 0.000720606         0.998779            0.000499918         
287.5               0.000705776         0.998781            0.000513123         
288                 0.000695768         0.998784            0.000519738         
288.5               0.000683819         0.99879             0.000526602         
289                 0.000674093         0.99879             0.000535611         
289.5               0.000663899         0.998791            0.000545234         
290                 0.000652416         0.998792            0.000555219         
290.5               0.000642343         0.998792            0.000565337         
291                 0.000632554         0.998795            0.000572471         
291.5               0.000625302         0.998793            0.00058202          
292                 0.000617092         0.99879             0.000592728         
292.5               0.000605862         0.998792            0.000602081         
293                 0.000599272         0.998794            0.000606755         
293.5               0.000590874         0.998797            0.000611833         
294                 0.000583796         0.99879             0.00062615          
294.5               0.000579796         0.998779            0.000641469         
295                 0.00057197          0.998777            0.00065065          
295.5               0.000565008         0.998774            0.000660659         
296                 0.000559374         0.998767            0.000673898         
296.5               0.000556211         0.998754            0.000689621         
297                 0.000550208         0.99875             0.000699619         
297.5               0.000542232         0.998748            0.000709289         
298                 0.000535405         0.998745            0.000719668         
298.5               0.000529926         0.998739            0.000731151         
299                 0.000525914         0.99873             0.000744157         
299.5               0.000520667         0.998721            0.000758049         
300                 0.000513161         0.998716            0.000771172         
300.5               0.000506785         0.998708            0.000785315         
301                 0.000502405         0.998701            0.000796195         
301.5               0.000496952         0.998694            0.000809111         
302                 0.000494874         0.998679            0.000825674         
302.5               0.000490115         0.998665            0.000844761         
303                 0.000487354         0.99865             0.000862938         
303.5               0.000486168         0.998634            0.000879821         
304                 0.000482246         0.998621            0.000896358         
304.5               0.000481681         0.998597            0.000921406         
305                 0.000482062         0.99857             0.000947854         
305.5               0.000482462         0.998543            0.000974544         
306                 0.000484215         0.998515            0.00100087          
306.5               0.000483065         0.998492            0.00102516          
307                 0.000482399         0.998461            0.00105695          
307.5               0.000486153         0.998426            0.00108833          
308                 0.000486647         0.998396            0.00111741          
308.5               0.000484638         0.998368            0.00114733          
309                 0.000486803         0.998339            0.00117418          
309.5               0.000489582         0.998307            0.00120319          
310                 0.000488928         0.998277            0.00123358          
310.5               0.000487897         0.998247            0.00126476          
311                 0.000486972         0.998221            0.00129162          
311.5               0.000485265         0.998196            0.00131833          
312                 0.000482644         0.998173            0.00134463          
312.5               0.000479901         0.998145            0.00137552          
313                 0.000479626         0.998113            0.00140754          
313.5               0.000478691         0.998077            0.00144438          
314                 0.000477033         0.998038            0.00148478          
314.5               0.000477748         0.998003            0.00151896          
315                 0.000480819         0.997958            0.00156079          
315.5               0.00048199          0.997914            0.00160413          
316                 0.000484151         0.997862            0.00165374          
316.5               0.000488357         0.9978              0.00171186          
317                 0.000492649         0.997738            0.00176961          
317.5               0.000498343         0.99766             0.00184172          
318                 0.000505281         0.997577            0.001918            
318.5               0.000514521         0.997463            0.00202269          
319                 0.000520546         0.997372            0.00210735          
319.5               0.000527678         0.997287            0.00218503          
320                 0.000537023         0.997189            0.00227433          
320.5               0.000542825         0.997098            0.00235928          
321                 0.000546467         0.997005            0.00244862          
321.5               0.000559092         0.996869            0.00257231          
322                 0.000567443         0.996749            0.00268349          
322.5               0.000573518         0.99663             0.0027963           
323                 0.000579853         0.9965              0.00291996          
323.5               0.000588691         0.996363            0.00304859          
324                 0.000593968         0.996245            0.00316055          
324.5               0.000598352         0.996123            0.00327828          
325                 0.000599339         0.995978            0.0034223           
325.5               0.000594637         0.995833            0.00357232          
326                 0.000584032         0.995667            0.00374878          
326.5               0.000557807         0.995522            0.00392027          
327                 0.000511627         0.995421            0.00406734          
327.5               0.000461824         0.995285            0.00425335          
328                 0.000407845         0.995136            0.00445616          
328.5               0.000355014         0.994974            0.004671            
329                 0.000308822         0.994754            0.00493681          
329.5               0.000263193         0.994608            0.00512846          
330                 0.000197221         0.995099            0.00470366          
330.5               0.000167076         0.994961            0.00487146          
331                 0.000141104         0.994813            0.00504575          
331.5               0.000118919         0.994669            0.00521221          
332                 0.000100233         0.994524            0.00537606          
332.5               8.49123e-05         0.994405            0.00551027          
333                 7.1842e-05          0.994287            0.00564106          
333.5               6.10038e-05         0.994173            0.0057662           
334                 5.24188e-05         0.99406             0.00588737          
334.5               4.52065e-05         0.993945            0.00600956          
335                 3.95793e-05         0.993809            0.00615113          
335.5               3.49545e-05         0.993627            0.00633784          
336                 3.1423e-05          0.993386            0.00658235          
336.5               2.88678e-05         0.993044            0.00692664          
337                 2.70011e-05         0.99267             0.0073033           
337.5               2.58481e-05         0.992174            0.00779979          
338                 2.52561e-05         0.991544            0.00843095          
338.5               2.48476e-05         0.990714            0.00926123          
339                 2.5288e-05          0.989615            0.0103595           
339.5               2.62459e-05         0.988199            0.0117749           
340                 2.72644e-05         0.986465            0.0135074           
340.5               2.94821e-05         0.984201            0.0157699           
341                 3.24116e-05         0.981174            0.0187932           
341.5               3.56338e-05         0.977338            0.0226264           
342                 4.12153e-05         0.972461            0.0274975           
342.5               4.65406e-05         0.966703            0.0332508           
343                 5.35633e-05         0.959281            0.0406659           
343.5               6.28554e-05         0.949609            0.0503278           
344                 7.33832e-05         0.937642            0.0622845           
344.5               8.71356e-05         0.922093            0.0778198           
345                 0.000104402         0.902467            0.0974287           
345.5               0.000122324         0.877972            0.121906            
346                 0.000144235         0.845489            0.154367            
346.5               0.000174066         0.797175            0.202651            
347                 0.000195087         0.750368            0.249437            
347.5               0.000211862         0.696074            0.303714            
348                 0.000233827         0.637593            0.362173            
348.5               0.000244685         0.562114            0.437642            
349                 0.000260039         0.483633            0.516107            
349.5               0.000237953         0.412151            0.587611            
350                 0.000238069         0.355609            0.644153            
350.5               0.000229726         0.313936            0.685835            
351                 0.000213338         0.279143            0.720643            
351.5               0.000207204         0.235579            0.764214            
352                 0.000208663         0.204129            0.795663            
352.5               0.000196939         0.177374            0.822429            
353                 0.000196379         0.154418            0.845386            
353.5               0.000189212         0.134441            0.86537             
354                 0.000174702         0.117186            0.882639            
354.5               0.000173619         0.101954            0.897872            
355                 0.000149469         0.0882457           0.911605            
355.5               0.000139749         0.0764763           0.923384            
356                 0.000135336         0.0661939           0.933671            
356.5               0.000143337         0.0572421           0.942615            
357                 0.000139459         0.0485009           0.95136             
357.5               0.000150881         0.0417884           0.958061            
358                 0.000130333         0.0358543           0.964015            
358.5               0.000120792         0.030707            0.969172            
359                 0.000129967         0.025367            0.974503            
359.5               0.000116458         0.0212766           0.978607            
360                 0.000116062         0.0172083           0.982676            
360.5               0.000122886         0.0147022           0.985175            
361                 0.000112689         0.0124392           0.987448            
361.5               0.00013049          0.0105325           0.989337            
362                 0.000132554         0.00874369          0.991124            
362.5               0.000105278         0.00742645          0.992468            
363                 0.000120956         0.00632002          0.993559            
363.5               0.000109675         0.00538939          0.994501            
364                 9.41534e-05         0.00461232          0.995294            
364.5               0.000116562         0.00392343          0.99596             
365                 0.000102549         0.00330229          0.996595            
365.5               0.000127187         0.00290462          0.996968            
366                 0.000114464         0.00255525          0.99733             
366.5               0.000129133         0.00224469          0.997626            
367                 0.000121046         0.001964            0.997915            
367.5               0.000133594         0.00170611          0.99816             
368                 0.000137333         0.00148613          0.998377            
368.5               0.000152313         0.00129385          0.998554            
369                 0.000146402         0.00112867          0.998725            
369.5               0.000143964         0.000988489         0.998868            
370                 0.000142881         0.000876983         0.99898             
370.5               0.000124986         0.000775242         0.9991              
371                 0.000118249         0.000685712         0.999196            
371.5               0.000119065         0.000610917         0.99927             
372                 0.000108303         0.000545918         0.999346            
372.5               0.000113661         0.000492054         0.999394            
373                 0.000106616         0.000446711         0.999447            
373.5               0.000115128         0.000406531         0.999478            
374                 0.000113199         0.000371409         0.999515            
374.5               0.000136087         0.00034014          0.999524            
375                 0.000109485         0.000312645         0.999578            
375.5               8.60288e-05         0.000287716         0.999626            
376                 9.62626e-05         0.000265181         0.999639            
376.5               0.00010769          0.000246985         0.999645            
377                 0.000130803         0.000231322         0.999638            
377.5               9.86712e-05         0.000217042         0.999684            
378                 9.10975e-05         0.000204641         0.999704            
378.5               0.000105075         0.000193963         0.999701            
379                 0.000125757         0.000185754         0.999688            
379.5               0.000137777         0.000179019         0.999683            
380                 0.000106871         0.000174218         0.999719            
380.5               0.000138812         0.000168682         0.999693            
381                 0.000104953         0.000163188         0.999732            
381.5               0.000139279         0.000159288         0.999701            
382                 0.000149622         0.000156123         0.999694            
382.5               0.000153231         0.00015341          0.999693            
383                 0.000180416         0.000152939         0.999667            
383.5               0.000125552         0.00015248          0.999722            
384                 0.000153844         0.000152157         0.999694            
384.5               0.000164501         0.000152187         0.999683            
385                 0.000191194         0.000153678         0.999655            
385.5               0.000194529         0.000155833         0.99965             
386                 0.000218639         0.000160256         0.999621            
386.5               0.000270398         0.000164806         0.999565            
387                 0.000243436         0.000167529         0.999589            
387.5               0.00022075          0.000171856         0.999607            
388                 0.000303728         0.000176317         0.99952             
388.5               0.000320799         0.000180918         0.999498            
389                 0.000337282         0.000187464         0.999475            
389.5               0.000343829         0.000197045         0.999459            
390                 0.000403839         0.000207074         0.999389            
390.5               0.000392961         0.000215298         0.999392            
391                 0.000328636         0.000226064         0.999445            
391.5               0.000286122         0.000239262         0.999475            
392                 0.000264312         0.000255249         0.99948             
392.5               0.00026704          0.000273981         0.999459            
393                 0.000248523         0.000291605         0.99946             
393.5               0.000259312         0.000309207         0.999431            
394                 0.00024772          0.000328866         0.999423            
394.5               0.000220381         0.000357076         0.999423            
395                 0.000361968         0.000389969         0.999248            
395.5               0.000178115         0.000427151         0.999395            
396                 0.000233467         0.000466029         0.999301            
396.5               0.000333654         0.000510358         0.999156            
397                 0.000348738         0.000558813         0.999092            
397.5               0.000300447         0.000608793         0.999091            
398                 0.000400561         0.000697321         0.998902            
398.5               0.000400491         0.000787939         0.998812            
399                 0.000349545         0.00088319          0.998767            
399.5               0.000620295         0.000982475         0.998397            
400                 0.00062049          0.00111383          0.998266            
400.5               0.000758242         0.00125676          0.997985            
401                 0.000660879         0.00141116          0.997928            
401.5               0.000742916         0.0016254           0.997632            
402                 0.000840296         0.00187463          0.997285            
402.5               0.000979445         0.00212304          0.996898            
403                 0.00115386          0.00244902          0.996397            
403.5               0.00135617          0.00284189          0.995802            
404                 0.00159548          0.00325691          0.995148            
404.5               0.00186319          0.00371936          0.994417            
405                 0.00221046          0.00437338          0.993416            
405.5               0.0026041           0.00505863          0.992337            
406                 0.00301303          0.00582706          0.99116             
406.5               0.00354272          0.0067891           0.989668            
407                 0.00420982          0.00787855          0.987912            
407.5               0.0049292           0.00891329          0.986158            
408                 0.0060474           0.0105544           0.983398            
408.5               0.00701939          0.0120637           0.980917            
409                 0.00796283          0.0134721           0.978565            
409.5               0.00912546          0.0154477           0.975427            
410                 0.0112139           0.0188984           0.969888            
410.5               0.0117396           0.0208547           0.967406            
411                 0.0123806           0.023141            0.964478            
411.5               0.0130241           0.025602            0.961374            
412                 0.0137242           0.0280474           0.958228            
412.5               0.0145374           0.0311219           0.954341            
413                 0.0153427           0.0351518           0.949505            
413.5               0.0162121           0.0383869           0.945401            
414                 0.0171784           0.0427253           0.940096            
414.5               0.01825             0.0485023           0.933248            
415                 0.0195281           0.0528657           0.927606            
415.5               0.0208616           0.0565484           0.92259             
416                 0.0222329           0.0614147           0.916352            
416.5               0.0237941           0.0688293           0.907377            
417                 0.025395            0.0768286           0.897776            
417.5               0.0271385           0.0845196           0.888342            
418                 0.029191            0.0913594           0.87945             
418.5               0.031362            0.099987            0.868651            
419                 0.0337989           0.111462            0.854739            
419.5               0.0365248           0.122503            0.840972            
420                 0.0395081           0.137               0.823491            
420.5               0.0424489           0.153458            0.804093            
421                 0.0458891           0.167033            0.787078            
421.5               0.0502714           0.18254             0.767188            
422                 0.0544808           0.206869            0.73865             
422.5               0.0588591           0.224628            0.716513            
423                 0.0636608           0.244022            0.692317            
423.5               0.0687615           0.277181            0.654058            
424                 0.0749919           0.308843            0.616165            
424.5               0.0803994           0.337391            0.58221             
425                 0.0854429           0.381365            0.533192            
425.5               0.0901798           0.446639            0.463181            
426                 0.0954811           0.489742            0.414777            
426.5               0.101989            0.513448            0.384564            
427                 0.107558            0.542483            0.349959            
427.5               0.112478            0.584092            0.30343             
428                 0.116091            0.625482            0.258427            
428.5               0.117465            0.660106            0.222429            
429                 0.118475            0.692217            0.189308            
429.5               0.120895            0.724617            0.154487            
430                 0.124314            0.738489            0.137197            
430.5               0.131316            0.742281            0.126403            
431                 0.132359            0.765608            0.102033            
431.5               0.134094            0.780329            0.0855764           
432                 0.133656            0.79143             0.0749137           
432.5               0.137689            0.795541            0.0667699           
433                 0.143381            0.795437            0.061182            
433.5               0.149368            0.793786            0.0568453           
434                 0.152914            0.803964            0.0431225           
434.5               0.154606            0.816646            0.0287484           
435                 0.155452            0.822987            0.0215613           
435.5               0.16042             0.824869            0.0147112           
436                 0.163479            0.829078            0.00744277          
436.5               0.165707            0.826766            0.00752761          
437                 0.165707            0.82677             0.00752323          
437.5               0.172768            0.819433            0.00779909          
438                 0.175257            0.816851            0.0078925           
438.5               0.180457            0.811452            0.00809108          
